1088
1096
1100
1102
1116
1132
1136
1138
1152
1160
1168
1174
1178
1192
1198
1206
1224
1232
1268
1270
1276
1278
1336
1360
1374
1380
1390
1432
1436
1440
1444
1448
1452
1456
1460
1464
1468
1472
1476
1480
1484
1488
1492
1496
1500
1504
1508
1512
1516
1520
1524
1528
1532
1536
1540
1544
1548
1552
1556
1560
1564
1568
1572
1576
1580
1584
1588
1596
1600
1604
1608
1612
1616
1620
1624
1628
1808
1820
1828
1834
1842
1844
1860
1872
1876
1888
1904
1916
1918
1930
1944
1946
1958
1976
1982
1988
1994
1998
2006
2010
2024
2046
2060
2078
2090
2098
2102
2104
2108
2116
2118
2126
2128
2134
2176
2204
2212
2224
2242
2268
2294
2326
2350
2396
2408
2414
2416
2422
2426
2458
2470
2474
2484
2492
2506
2516
2526
2546
2568
2586
2592
2602
2612
2618
2624
2630
2644
2652
2672
2682
2696
2704
2714
2720
2728
2734
2736
2744
2752
2754
2768
2772
2790
2814
2832
2852
2856
2868
2876
2904
2918
2926
2934
2942
2950
2966
2992
3014
3024
3040
3084
3088
3116
3186
3192
3244
3304
3348
3380
3412
3472
3568
3616
3672
3724
3776
3796
3800
3802
3810
3822
3830
3838
3850
3858
3864
3904
3922
3926
3986
3992
3998
4002
4006
4010
4012
4016
4018
4026
4040
4054
4060
4062
4064
4084
4102
4108
4128
4152
4170
4178
4182
4196
4212
4230
4236
4244
4250
4254
4272
4288
4296
4310
4316
4318
4344
4364
4368
4372
4376
4378
4390
4396
4398
4402
4410
4424
4432
4440
4446
4476
4500
4504
4506
4514
4522
4528
4544
4562
4564
4648
4678
4708
4738
4768
4776
4784
4792
4800
4808
4816
4824
4832
4838
4852
4904
4930
4932
4952
4960
4968
4976
4984
4990
5004
5024
5038
5042
5054
5058
5112
5128
5146
5150
5156
5164
5182
5196
5200
5202
5212
5232
5236
5248
5262
5306
5332
5358
5364
5368
5402
5410
5412
5422
5440
5508
5514
5520
5534
5552
5566
5598
5654
5664
5666
5682
5700
5714
5728
5810
5824
5852
5946
5958
5960
5974
5992
6010
6024
6064
6078
6096
6110
6134
6148
6176
6198
6212
6248
6264
6292
6356
6408
6426
6440
6446
6454
6456
6458
6466
6478
6504
6522
6534
6542
6554
6562
6570
6578
6586
6594
6602
6606
6612
6616
6620
6624
6628
6630
6638
6650
6658
6666
6674
6682
6690
6698
6702
6708
6712
6716
6720
6724
6726
6734
6746
6778
6782
6838
6848
6856
6882
6940
7082
7098
7160
7176
7184
7200
7214
7222
7230
7238
7246
7260
7274
7288
7364
7476
7546
7560
7562
7574
7586
7596
7612
7630
7644
7662
7668
7678
7684
7694
7700
7710
7716
7726
7740
7750
7752
7772
7808
7828
7868
7888
7928
7948
7988
8008
8048
8068
8108
8128
8154
8158
8164
8180
8198
8204
8220
8236
8250
8280
8300
8306
8316
8332
8336
8346
8384
8396
8412
8442
8456
8462
8484
8490
8492
8504
8520
8550
8558
8566
8570
8572
8580
8602
8608
8610
8624
8666
8672
8690
8706
8724
8730
8752
8762
8768
8786
8796
8814
8820
8842
8852
8858
8860
8866
8884
8890
8896
8902
8908
8914
8920
8926
8932
8940
8946
8952
8996
9002
9008
9014
9020
9064
9070
9076
9082
9088
9106
9108
9192
9200
9208
9216
9224
9262
9286
9288
9308
9316
9318
9324
9354
9360
9376
9406
9426
9434
9436
9452
9458
9472
9484
9592
9618
9628
9646
9676
9684
9696
9726
10844
10856
